% Monthly averaged 12data for station KUM       
%
% /data/instrument/database_active/curves/kumt.mon                                                
%
% Date   - Date of measurement
% Value  - Averaged measured concentration, ppm
%          Zero value indicates no data available
% SsnDtr - Averaged measured value with fitted seasonal cycle removed
% Fit    - Average determined from curve fit
% FitDtr - Average from curve fit with seasonal cycle removed
% Num    - Number of averages used in the monthly mean calculation
%
%    Date      Value     SsnDtr        Fit     FitDtr  Num
1993.0411     0.0000     0.0000   -99.2819   -90.3342    0
1993.1260     0.0000     0.0000  -105.8687   -91.2150    0
1993.2027     0.0000     0.0000  -108.4641   -92.0107    0
1993.2877     0.0000     0.0000  -106.2826   -92.8915    0
1993.3699     0.0000     0.0000   -99.7593   -93.7440    0
1993.4548   -90.9734   -94.3710   -91.2273   -94.6249    1
1993.5370     0.0000     0.0000   -84.5236   -95.4773    0
1993.6219     0.0000     0.0000   -81.4850   -96.3576    0
1993.7068   -76.2426   -90.7389   -82.7402   -97.2365    1
1993.7890   -88.4455   -99.4239   -87.1042   -98.0827    2
1993.8740   -93.5430   -98.7583   -93.7217   -98.9370    2
1993.9562  -104.9079  -103.2850  -101.3523   -99.7295    2
1994.0411  -112.5357  -103.5880  -109.4485  -100.5008    3
1994.1260  -101.3629   -86.7093  -115.8883  -101.2346    2
1994.2027  -122.2536  -105.8002  -118.3401  -101.8867    1
1994.2877  -120.6575  -107.2664  -115.9605  -102.5694    2
1994.3699  -112.4884  -106.4731  -109.1600  -103.1447    2
1994.4548   -96.0830   -99.4806  -100.2320  -103.6296    2
1994.5370   -94.8989  -105.8526   -93.0348  -103.9885    1
1994.6219   -94.6157  -109.4883   -89.3575  -104.2302    3
1994.7068   -89.6523  -104.1487   -89.8421  -104.3384    2
1994.7890   -94.3095  -105.2880   -93.3700  -104.3485    2
1994.8740  -101.4705  -106.6858   -99.0965  -104.3118    2
1994.9562  -116.6900  -115.0672  -105.9053  -104.2825    1
1995.0411  -117.3412  -108.3935  -113.2833  -104.3356    1
1995.1260   -99.5877   -84.9340  -119.2376  -104.5840    2
1995.2027  -113.3722   -96.9188  -121.5069  -105.0535    3
1995.2877  -121.8728  -108.4817  -119.2172  -105.8262    2
1995.3699  -119.8394  -113.8241  -112.7564  -106.7411    2
1995.4548     0.0000     0.0000  -104.3863  -107.7839    0
1995.5370  -101.5827  -112.5364   -97.8921  -108.8457    2
1995.6219   -95.4396  -110.3123   -95.0849  -109.9576    2
1995.7068   -98.6356  -113.1320   -96.5612  -111.0576    2
1995.7890   -98.1770  -109.1555  -101.1276  -112.1061    2
1995.8740  -109.6738  -114.8891  -107.9556  -113.1709    2
1995.9562  -106.1514  -104.5285  -115.7970  -114.1742    1
1996.0410  -125.9348  -116.9962  -124.1103  -115.1717    2
1996.1257  -140.7073  -126.0702  -130.7371  -116.1001    2
1996.2049  -134.0502  -117.6069  -133.3276  -116.8843    2
1996.2896  -130.9111  -117.6517  -130.9238  -117.6644    2
1996.3716  -113.1164  -107.2855  -124.2357  -118.4049    2
1996.4563  -117.5444  -121.1017  -115.6295  -119.1868    1
1996.5383  -111.9862  -123.0305  -108.8994  -119.9437    3
1996.6230  -105.5916  -120.4843  -105.8198  -120.7126    1
1996.7077  -106.9250  -121.4001  -107.0045  -121.4796    2
1996.7896  -111.9224  -122.8680  -111.2874  -122.2330    2
1996.8743  -112.6877  -117.8764  -117.8491  -123.0378    1
1996.9563  -129.9494  -128.3160  -125.4880  -123.8547    2
1997.0411  -125.9679  -117.0202  -133.6942  -124.7465    2
1997.1260  -134.3701  -119.7165  -140.3510  -125.6974    2
1997.2027  -152.9375  -136.4841  -143.0312  -126.5778    2
1997.2877  -139.4017  -126.0106  -140.9204  -127.5293    2
1997.3699  -136.4640  -130.4487  -134.4348  -128.4195    1
1997.4548  -125.1567  -128.5543  -125.9061  -129.3037    2
1997.5370  -126.4058  -137.3595  -119.1647  -130.1183    2
1997.6219   -98.8668  -113.7395  -116.0542  -130.9269    1
1997.7068  -118.2333  -132.7297  -117.2398  -131.7361    2
1997.7890  -121.8041  -132.7826  -121.5361  -132.5146    2
1997.8740  -127.6815  -132.8968  -128.0769  -133.2922    2
1997.9562  -137.5997  -135.9768  -135.6256  -134.0027    2
1998.0411  -141.6360  -132.6883  -143.6297  -134.6820    2
1998.1260  -154.4741  -139.8205  -149.9574  -135.3037    2
1998.2027  -146.6757  -130.2223  -152.2634  -135.8100    2
1998.2877  -154.0889  -140.6979  -149.6931  -136.3021    2
1998.3699  -145.4502  -139.4349  -142.7143  -136.6990    3
1998.4548  -132.2908  -135.6883  -133.6431  -137.0407    2
1998.5370  -123.0944  -134.0481  -126.3836  -137.3373    2
1998.6219  -118.2034  -133.0761  -122.7682  -137.6409    2
1998.7068  -122.6453  -137.1416  -123.4594  -137.9557    1
1998.7890  -127.1882  -138.1667  -127.2803  -138.2587    2
1998.8740  -134.6422  -139.8575  -133.3250  -138.5403    3
1998.9562  -147.0498  -145.4269  -140.3838  -138.7610    1
1999.0411  -150.5640  -141.6163  -147.8726  -138.9249    2
1999.1260  -157.6582  -143.0046  -153.6880  -139.0343    2
1999.2027  -157.9030  -141.4496  -155.5704  -139.1170    3
1999.2877  -143.0437  -129.6526  -152.6328  -139.2417    2
1999.3699  -149.5301  -143.5148  -145.4716  -139.4563    2
1999.4548  -128.7623  -132.1599  -136.4158  -139.8134    2
1999.5370  -123.3753  -134.3289  -129.3671  -140.3207    2
1999.6219  -128.7883  -143.6609  -126.1296  -141.0023    2
1999.7068  -132.1195  -146.6159  -127.3046  -141.8009    1
1999.7890  -136.0529  -147.0314  -131.6748  -142.6533    1
1999.8740  -139.3061  -144.5214  -138.3816  -143.5969    2
1999.9562  -145.7574  -144.1346  -146.1926  -144.5697    2
2000.0410  -154.6903  -145.7517  -154.5790  -145.6404    2
2000.1257  -154.6799  -140.0428  -161.4114  -146.7744    3
2000.2049  -173.2077  -156.7644  -164.3250  -147.8817    2
2000.2896  -170.1982  -156.9388  -162.3327  -149.0733    2
2000.3716  -153.3457  -147.5149  -156.0507  -150.2199    2
2000.4563  -140.5443  -144.1016  -147.8738  -151.4311    1
2000.5383  -136.6898  -147.7341  -141.6059  -152.6502    2
2000.6230  -137.7181  -152.6109  -139.0636  -153.9564    2
2000.7077  -143.6225  -158.0975  -140.8054  -155.2805    1
2000.7896  -148.3758  -159.3214  -145.5982  -156.5438    3
2000.8743  -152.2320  -157.4207  -152.6146  -157.8033    2
2000.9563  -161.7937  -160.1603  -160.6020  -158.9687    1
2001.0411  -160.6874  -151.7397  -169.0649  -160.1172    2
2001.1260  -181.0568  -166.4031  -175.8484  -161.1948    2
2001.2027  -185.1152  -168.6618  -178.5270  -162.0737    2
2001.2877  -172.5775  -159.1865  -176.3224  -162.9313    2
2001.3699  -172.8478  -166.8325  -169.6693  -163.6540    1
2001.4548  -159.1287  -162.5263  -160.8965  -164.2941    2
2001.5370  -152.5517  -163.5054  -153.8619  -164.8156    3
2001.6219  -158.9558  -173.8284  -150.3745  -165.2471    2
2001.7068  -155.3249  -169.8212  -151.0645  -165.5608    2
2001.7890  -153.1330  -164.1115  -154.8021  -165.7806    1
2001.8740  -158.8235  -164.0388  -160.7685  -165.9838    2
2001.9562  -167.7429  -166.1201  -167.8413  -166.2184    2
2002.0411  -166.1985  -157.2508  -175.5023  -166.5546    2
2002.1260  -180.2245  -165.5709  -181.6846  -167.0310    2
2002.2027  -184.2033  -167.7499  -184.0419  -167.5885    2
2002.2877  -179.1287  -165.7376  -181.7262  -168.3351    2
2002.3699  -175.6177  -169.6024  -175.1858  -169.1705    2
2002.4548  -168.9283  -172.3259  -166.7149  -170.1125    2
2002.5370  -161.6641  -172.6177  -160.1061  -171.0598    2
2002.6219  -156.2575  -171.1302  -157.1800  -172.0526    2
2002.7068  -154.6773  -169.1736  -158.5479  -173.0442    1
2002.7890  -162.5946  -173.5731  -163.0067  -173.9852    2
2002.8740  -171.4292  -176.6445  -169.6992  -174.9145    2
2002.9562  -179.1028  -177.4799  -177.3695  -175.7466    2
2003.0411  -189.1645  -180.2168  -185.4681  -176.5204    2
2003.1260  -196.2487  -181.5951  -191.8642  -177.2105    2
2003.2027  -185.5604  -169.1070  -194.2344  -177.7810    2
2003.2877  -193.3717  -179.9806  -191.7727  -178.3816    1
2003.3699  -189.0207  -183.0054  -184.9502  -178.9349    1
2003.4548  -178.0233  -181.4209  -176.0734  -179.4710    2
2003.5370  -170.2105  -181.1642  -169.0093  -179.9630    2
2003.6219  -166.4191  -181.2917  -165.5917  -180.4644    2
2003.7068  -163.0368  -177.5331  -166.4933  -180.9896    2
2003.7890  -172.0495  -183.0280  -170.5665  -181.5450    2
2003.8740  -176.0731  -181.2884  -176.9642  -182.1795    2
2003.9562  -184.4904  -182.8675  -184.4998  -182.8769    3
2004.0410  -193.1115  -184.1729  -192.6436  -183.7050    1
2004.1257  -192.9006  -178.2635  -199.2947  -184.6576    2
2004.2049  -197.3370  -180.8937  -202.1156  -185.6723    4
2004.2896  -206.9348  -193.6754  -200.1128  -186.8534    2
2004.3716  -197.3411  -191.5102  -193.8406  -188.0098    2
2004.4563  -188.2702  -191.8275  -185.6074  -189.1647    3
2004.5383  -181.6501  -192.6944  -179.1878  -190.2321    2
2004.6230  -169.7179  -184.6107  -176.3943  -191.2871    2
2004.7077  -183.4814  -197.9565  -177.8339  -192.3090    2
2004.7896  -184.1805  -195.1261  -182.3214  -193.2670    2
2004.8743  -181.5137  -186.7024  -189.0486  -194.2373    2
2004.9563  -196.6698  -195.0364  -196.8218  -195.1884    1
2005.0411  -205.8328  -196.8851  -205.1408  -196.1931    1
2005.1260  -216.9816  -202.3279  -211.8492  -197.1956    2
2005.2027  -210.8503  -194.3969  -214.5341  -198.0807    2
2005.2877  -215.6094  -202.2184  -212.4220  -199.0310    2
2005.3699  -206.3219  -200.3066  -205.9305  -199.9152    3
2005.4548  -192.6310  -196.0286  -197.4054  -200.8030    2
2005.5370  -191.0920  -202.0457  -190.6928  -201.6465    2
2005.6219  -193.0754  -207.9481  -187.6187  -202.4914    1
2005.7068  -190.8164  -205.3127  -188.7980  -203.2944    2
2005.7890  -190.7152  -201.6937  -193.0546  -204.0331    3
2005.8740  -199.0009  -204.2162  -199.5581  -204.7734    2
2005.9562     0.0000     0.0000  -207.0970  -205.4741    0
2006.0411  -222.3143  -213.3666  -215.1230  -206.1753    1
2006.1260  -223.3840  -208.7304  -221.5012  -206.8475    2
2006.2027  -219.7093  -203.2559  -223.8931  -207.4397    2
2006.2877  -218.6132  -205.2222  -221.4854  -208.0943    1
2006.3699  -219.6329  -213.6176  -214.7429  -208.7276    3
2006.4548  -202.0357  -205.4333  -205.9877  -209.3853    2
2006.5370  -198.7679  -209.7216  -199.0993  -210.0530    2
2006.6219  -196.5826  -211.4553  -195.9192  -210.7918    2
2006.7068  -198.4904  -212.9867  -197.0920  -211.5884    1
2006.7890  -197.4768  -208.4553  -201.4473  -212.4258    2
2006.8740  -205.3836  -210.5989  -208.1573  -213.3726    2
2006.9562  -218.8388  -217.2159  -215.9831  -214.3603    2
2007.0411  -224.4138  -215.4661  -224.3818  -215.4341    3
2007.1260  -237.5388  -222.8852  -231.2031  -216.5494    1
2007.2027  -225.5759  -209.1225  -234.0419  -217.5886    2
2007.2877  -235.0473  -221.6562  -232.1639  -218.7728    2
2007.3699  -227.6131  -221.5977  -225.9324  -219.9171    2
2007.4548  -216.6112  -220.0088  -217.6689  -221.0665    2
2007.5370  -213.1305  -224.0842  -211.1793  -222.1330    2
2007.6219  -211.2680  -226.1407  -208.3036  -223.1763    1
2007.7068  -213.2297  -227.7260  -209.6597  -224.1561    2
2007.7890  -210.4949  -221.4734  -214.0724  -225.0509    2
2007.8740  -216.7684  -221.9837  -220.7185  -225.9338    1
2007.9562  -229.6488  -228.0259  -228.3711  -226.7483    3
2008.0410  -245.1864  -236.2479  -236.4748  -227.5363    2
2008.1257  -236.4506  -221.8136  -242.9131  -228.2761    2
2008.2049  -242.0114  -225.5681  -245.4136  -228.9703    2
2008.2896  -242.9958  -229.7364  -243.0047  -229.7453    2
2008.3716  -236.9777  -231.1469  -236.3559  -230.5251    4
2008.4563  -227.8485  -231.4058  -227.8006  -231.3579    4
2008.5383  -219.5041  -230.5483  -221.1530  -232.1973    4
2008.6230  -219.2146  -234.1073  -218.2138  -233.1065    4
2008.7077  -219.5147  -233.9898  -219.5737  -234.0487    4
2008.7896  -225.2142  -236.1598  -224.0400  -234.9855    3
2008.8743  -229.2726  -234.4613  -230.7867  -235.9754    4
2008.9563  -239.3392  -237.7059  -238.5821  -236.9488    5
2009.0411  -247.5266  -238.5789  -246.9027  -237.9550    2
2009.1260  -255.5360  -240.8823  -253.6010  -238.9474    4
2009.2027  -257.4377  -240.9843  -256.2769  -239.8235    3
2009.2877  -252.6407  -239.2496  -254.1923  -240.8012    4
2009.3699  -244.0383  -238.0230  -247.8106  -241.7953    3
2009.4548  -238.1218  -241.5194  -239.4905  -242.8880    5
2009.5370  -234.1244  -245.0781  -233.0435  -243.9972    4
2009.6219  -232.4242  -247.2969  -230.2877  -245.1604    5
2009.7068  -232.8086  -247.3050  -231.8126  -246.3089    3
2009.7890  -234.5395  -245.5180  -236.4353  -247.4137    4
2009.8740  -243.1052  -248.3205  -243.3512  -248.5665    5
2009.9562  -247.4235  -245.8006  -251.3165  -249.6936    3
2010.0411  -256.9154  -247.9677  -259.8131  -250.8654    4
2010.1260  -270.2321  -255.5785  -266.6426  -251.9889    4
2010.2027  -270.5346  -254.0812  -269.3431  -252.8897    5
2010.2877  -269.5090  -256.1179  -267.1164  -253.7253    4
2010.3699  -263.0204  -257.0051  -260.3736  -254.3583    5
2010.4548  -251.8518  -255.2494  -251.4494  -254.8470    4
2010.5370  -242.7906  -253.7443  -244.2565  -255.2102    4
2010.6219  -243.4146  -258.2872  -240.6540  -255.5267    4
2010.7068  -235.2177  -249.7140  -241.3370  -255.8333    2
2010.7890  -244.8117  -255.7902  -245.2081  -256.1866    3
2010.8740  -253.1550  -258.3703  -251.4377  -256.6530    4
2010.9562  -253.6050  -251.9821  -258.8572  -257.2343    4
2011.0411  -269.6559  -260.7082  -266.9677  -258.0200    4
2011.1260  -274.1367  -259.4830  -273.6596  -259.0060    2
2011.2027  -272.0925  -255.6391  -276.5292  -260.0758    4
2011.2877  -271.3440  -257.9530  -274.8549  -261.4638    2
2011.3699  -264.4681  -258.4528  -268.9954  -262.9801    3
2011.4548  -264.0169  -267.4145  -261.2685  -264.6661    5
2011.5370  -257.2962  -268.2499  -255.3684  -266.3221    3
2011.6219  -257.9791  -272.8518  -253.1091  -267.9818    2
2011.7068  -256.5527  -271.0490  -255.0514  -269.5477    4
2011.7890  -257.5496  -268.5281  -259.9855  -270.9640    4
2011.8740  -267.5290  -272.7443  -267.1156  -272.3309    3
2011.9562  -278.4239  -276.8010  -275.1793  -273.5564    4
2012.0410  -276.3593  -267.4208  -283.6514  -274.7129    4
2012.1257  -292.5954  -277.9584  -290.4023  -275.7652    5
2012.2049  -297.2941  -280.8508  -293.0649  -276.6216    4
2012.2896  -295.0128  -281.7534  -290.6362  -277.3768    4
2012.3716  -283.1827  -277.3519  -283.8052  -277.9744    4
2012.4563  -269.8044  -273.3617  -274.9751  -278.5324    3
2012.5383  -269.4021  -280.4464  -268.0441  -279.0884    4
2012.6230  -261.0854  -275.9781  -264.8263  -279.7191    3
2012.7077  -269.2727  -283.7478  -265.9629  -280.4380    1
2012.7896  -264.6929  -275.6385  -270.2835  -281.2291    3
2012.8743  -274.8207  -280.0094  -276.9484  -282.1371    2
2012.9563  -281.4826  -279.8492  -284.6957  -283.0623    4
2013.0411  -299.9570  -291.0094  -292.9466  -283.9989    4
2013.1260  -305.2436  -290.5899  -299.4924  -284.8387    4
2013.2027  -299.9108  -283.4574  -301.9511  -285.4977    4
2013.2877  -297.6829  -284.2919  -299.5631  -286.1721    5
2013.3699  -289.5632  -283.5479  -292.8606  -286.8453    4
2013.4548  -283.9158  -287.3134  -284.2013  -287.5989    3
2013.5370  -278.7351  -289.6888  -277.4057  -288.3594    5
2013.6219  -278.3151  -293.1877  -274.2683  -289.1410    4
2013.7068  -274.0645  -288.5609  -275.4025  -289.8988    4
2013.7890  -278.5628  -289.5412  -279.6611  -290.6396    5
2013.8740  -287.0232  -292.2385  -286.2311  -291.4464    4
2013.9562  -295.3313  -293.7084  -293.9063  -292.2835    5
2014.0411  -300.9708  -292.0231  -302.1737  -293.2260    4
2014.1260  -301.7701  -287.1165  -308.9398  -294.2862    4
2014.2027  -310.6270  -294.1736  -311.8141  -295.3607    4
2014.2877  -313.4643  -300.0732  -310.0188  -296.6277    5
2014.3699  -308.6883  -302.6730  -303.8720  -297.8567    4
2014.4548  -294.6353  -298.0329  -295.7053  -299.1029    5
2014.5370  -287.4567  -298.4103  -289.3502  -300.3039    4
2014.6219  -286.6110  -301.4837  -286.6757  -301.5483    3
2014.7068  -291.0805  -305.5769  -288.3008  -302.7971    4
2014.7890  -288.5862  -299.5647  -293.0339  -304.0123    4
2014.8740  -300.3162  -305.5315  -300.0748  -305.2901    2
2014.9562  -308.5097  -306.8869  -308.1564  -306.5335    5
2015.0411  -319.1092  -310.1615  -316.7476  -307.7999    4
2015.1260  -322.5576  -307.9039  -323.6843  -309.0306    4
2015.2027  -324.3170  -307.8636  -326.5516  -310.0982    2
2015.2877  -325.6865  -312.2954  -324.5992  -311.2081    4
2015.3699  -321.3888  -315.3735  -318.2046  -312.1893    4
2015.4548  -309.4966  -312.8942  -309.7102  -313.1078    5
2015.5370  -301.3686  -312.3223  -302.9866  -313.9403    3
2015.6219  -302.6189  -317.4916  -299.9098  -314.7824    3
2015.7068  -298.8615  -313.3579  -301.1348  -315.6312    3
2015.7890  -302.2726  -313.2510  -305.5098  -316.4883    3
2015.8740  -312.7107  -317.9260  -312.2110  -317.4263    4
2015.9562  -320.2829  -318.6601  -320.0026  -318.3798    4
2016.0410  -323.3468  -314.4083  -328.3483  -319.4098    2
2016.1257  -336.6108  -321.9737  -335.1108  -320.4738    3
2016.2049  -337.9654  -321.5221  -337.9189  -321.4756    5
2016.2896  -337.9099  -324.6505  -335.8129  -322.5535    4
2016.3716  -331.1984  -325.3676  -329.4434  -323.6126    4
2016.4563  -318.0388  -321.5961  -321.1802  -324.7375    5
2016.5383  -313.2550  -324.2993  -314.8320  -325.8763    4
2016.6230  -312.4662  -327.3590  -312.1870  -327.0797    5
2016.7077  -313.7172  -328.1922  -313.7903  -328.2653    2
2016.7896  -318.7889  -329.7345  -318.4104  -329.3560    3
2016.8743  -326.0561  -331.2448  -325.1937  -330.3824    5
2016.9563  -336.9724  -335.3390  -332.8747  -331.2413    3
2017.0411  -346.5465  -337.5988  -340.9238  -331.9761    5
2017.1260  -344.4902  -329.8365  -347.2385  -332.5848    4
2017.2027  -349.0749  -332.6215  -349.5465  -333.0931    4
2017.2877  -342.2773  -328.8863  -347.0706  -333.6795    3
2017.3699  -339.7774  -333.7620  -340.3420  -334.3267    5
2017.4548  -332.2678  -335.6654  -331.7030  -335.1005    4
2017.5370  -322.1335  -333.0872  -325.0067  -335.9604    5
2017.6219  -320.7198  -335.5924  -322.1100  -336.9827    4
2017.7068  -321.9756  -336.4720  -323.6353  -338.1317    4
2017.7890  -327.4372  -338.4157  -328.3402  -339.3187    3
2017.8740  -336.6898  -341.9050  -335.3331  -340.5484    5
2017.9562  -346.5614  -344.9385  -343.2939  -341.6710    4
2018.0411  -352.0931  -343.1454  -351.6621  -342.7144    5
2018.1260  -362.5671  -347.9134  -358.2861  -343.6324    4
2018.2027  -359.3183  -342.8649  -360.8200  -344.3666    4
2018.2877  -356.6259  -343.2348  -358.5055  -345.1145    3
2018.3699     0.0000     0.0000  -351.8236  -345.8083    0
2018.4548  -338.2083  -341.6059  -343.1146  -346.5122    1
2018.5370     0.0000     0.0000  -336.2385  -347.1922    0
2018.6219     0.0000     0.0000  -333.0221  -347.8948    0
2018.7068     0.0000     0.0000  -334.1011  -348.5975    0
2018.7890     0.0000     0.0000  -338.2990  -349.2774    0
2018.8740     0.0000     0.0000  -344.7648  -349.9801    0
2018.9562     0.0000     0.0000  -352.2830  -350.6601    0
