% Monthly averaged 12data for station LJO       
%
% /data/instrument/database_active/curves/ljot.mon                                                
%
% Date   - Date of measurement
% Value  - Averaged measured concentration, ppm
%          Zero value indicates no data available
% SsnDtr - Averaged measured value with fitted seasonal cycle removed
% Fit    - Average determined from curve fit
% FitDtr - Average from curve fit with seasonal cycle removed
% Num    - Number of averages used in the monthly mean calculation
%
%    Date      Value     SsnDtr        Fit     FitDtr  Num
1989.0411     0.0000     0.0000   -70.7310   -52.3529    0
1989.1260     0.0000     0.0000   -78.3915   -54.1419    0
1989.2027     0.0000     0.0000   -81.4833   -55.7579    0
1989.2877     0.0000     0.0000   -77.7014   -57.5469    0
1989.3699   -62.9255   -56.0672   -66.1366   -59.2783    1
1989.4548   -47.5350   -58.5163   -50.0841   -61.0654    1
1989.5370     0.0000     0.0000   -37.7412   -62.7864    0
1989.6219   -28.8577   -58.9113   -34.4912   -64.5448    1
1989.7068   -40.7650   -65.1955   -41.8338   -66.2642    1
1989.7890     0.0000     0.0000   -54.9676   -67.8662    0
1989.8740   -76.0250   -76.1776   -69.2769   -69.4295    1
1989.9562     0.0000     0.0000   -80.9346   -70.8271    0
1990.0411  -102.2496   -83.8714   -90.5119   -72.1338    1
1990.1260     0.0000     0.0000   -97.5483   -73.2988    0
1990.2027     0.0000     0.0000   -99.9655   -74.2400    0
1990.2877     0.0000     0.0000   -95.3265   -75.1720    0
1990.3699     0.0000     0.0000   -82.8348   -75.9765    0
1990.4548     0.0000     0.0000   -65.7395   -76.7208    0
1990.5370     0.0000     0.0000   -52.3246   -77.3698    0
1990.6219     0.0000     0.0000   -47.9269   -77.9804    0
1990.7068     0.0000     0.0000   -54.1135   -78.5439    0
1990.7890     0.0000     0.0000   -66.1588   -79.0574    0
1990.8740     0.0000     0.0000   -79.4163   -79.5688    0
1990.9562   -86.1955   -76.0879   -90.1657   -80.0582    2
1991.0411     0.0000     0.0000   -98.9456   -80.5674    0
1991.1260  -106.2201   -81.9706  -105.3273   -81.0778    1
1991.2027  -104.4630   -78.7375  -107.2616   -81.5361    1
1991.2877  -102.6567   -82.5022  -102.1908   -82.0363    3
1991.3699   -86.9302   -80.0718   -89.3629   -82.5045    2
1991.4548   -69.6486   -80.6299   -71.9767   -82.9580    2
1991.5370   -75.4663  -100.5115   -58.3040   -83.3492    1
1991.6219   -54.6366   -84.6901   -53.6315   -83.6850    2
1991.7068   -67.5982   -92.0286   -59.5180   -83.9485    1
1991.7890   -72.8869   -85.7855   -71.2487   -84.1473    3
1991.8740   -84.5388   -84.6914   -84.1787   -84.3313    1
1991.9562   -95.4200   -85.3125   -94.6391   -84.5315    1
1992.0410  -101.0797   -82.7112  -103.1758   -84.8073    2
1992.1257  -108.2567   -84.0240  -109.4295   -85.1968    3
1992.2049  -105.1200   -79.4321  -111.3860   -85.6981    4
1992.2896  -100.5570   -80.6332  -106.3253   -86.4014    2
1992.3716   -93.0216   -86.5055   -93.7516   -87.2355    2
1992.4563   -74.2828   -85.5700   -76.9272   -88.2144    2
1992.5383   -68.2132   -93.4140   -64.0198   -89.2205    2
1992.6230   -71.5198  -101.5644   -60.2139   -90.2585    2
1992.7077     0.0000     0.0000   -66.9038   -91.2417    0
1992.7896   -76.9791   -89.7887   -79.3128   -92.1225    3
1992.8743     0.0000     0.0000   -92.8591   -92.9636    0
1992.9563  -114.0528  -103.9321  -103.8285   -93.7078    3
1993.0411  -108.6168   -90.2387  -112.7786   -94.4005    2
1993.1260  -114.3870   -90.1374  -119.2978   -95.0482    2
1993.2027  -113.4864   -87.7609  -121.3494   -95.6239    2
1993.2877  -120.7618  -100.6073  -116.4225   -96.2680    3
1993.3699  -100.1060   -93.2476  -103.7554   -96.8971    5
1993.4548   -82.1225   -93.1037   -86.5715   -97.5528    3
1993.5370   -77.7904  -102.8356   -73.1274   -98.1725    6
1993.6219   -67.1345   -97.1880   -68.7047   -98.7583    2
1993.7068   -81.1700  -105.6004   -74.8411   -99.2716    2
1993.7890   -89.9477  -102.8463   -86.8036   -99.7022    3
1993.8740   -94.2664   -94.4190   -99.9519  -100.1045    2
1993.9562  -110.6260  -100.5185  -110.5945  -100.4870    1
1994.0411  -118.2328   -99.8546  -119.2746  -100.8964    3
1994.1260  -127.8511  -103.6016  -125.5867  -101.3372    2
1994.2027  -122.7354   -97.0100  -127.4991  -101.7737    3
1994.2877  -123.0148  -102.8604  -122.4676  -102.3132    4
1994.3699  -112.7785  -105.9202  -109.7474  -102.8890    3
1994.4548   -87.9604   -98.9417   -92.5539  -103.5351    3
1994.5370   -77.3764  -102.4215   -79.1657  -104.2109    4
1994.6219   -69.7487   -99.8023   -74.8899  -104.9434    3
1994.7068   -81.0853  -105.5158   -81.2444  -105.6748    3
1994.7890   -94.8239  -107.7224   -93.4257  -106.3243    5
1994.8740  -115.0671  -115.2197  -106.7182  -106.8708    4
1994.9562  -124.8541  -114.7466  -117.3455  -107.2379    3
1995.0411  -130.9582  -112.5801  -125.8513  -107.4731    3
1995.1260  -123.4917   -99.2422  -131.8875  -107.6380    2
1995.2027  -131.7837  -106.0582  -133.5359  -107.8105    2
1995.2877  -120.5398  -100.3853  -128.2557  -108.1013    3
1995.3699  -111.6623  -104.8040  -115.3913  -108.5330    3
1995.4548  -101.3183  -112.2995   -98.1736  -109.1549    3
1995.5370   -80.4849  -105.5301   -84.8710  -109.9161    3
1995.6219   -84.4724  -114.5259   -80.8071  -110.8606    2
1995.7068   -85.7299  -110.1603   -87.5195  -111.9499    5
1995.7890   -95.4901  -108.3887  -100.2274  -113.1260    2
1995.8740  -105.9914  -106.1440  -114.2890  -114.4416    1
1995.9562  -138.1310  -128.0234  -125.8779  -115.7703    1
1996.0410  -138.3651  -119.9965  -135.5080  -117.1394    4
1996.1257  -145.7946  -121.5618  -142.6983  -118.4656    3
1996.2049  -146.8165  -121.1286  -145.3343  -119.6464    2
1996.2896  -135.4975  -115.5736  -140.7607  -120.8369    3
1996.3716  -126.4735  -119.9574  -128.4346  -121.9184    4
1996.4563  -121.5645  -132.8516  -111.6471  -122.9342    2
1996.5383     0.0000     0.0000   -98.5778  -123.7786    0
1996.6230   -99.4860  -129.5306   -94.4532  -124.4978    4
1996.7077   -98.8852  -123.2231  -100.7407  -125.0786    3
1996.7896  -114.6899  -127.4995  -112.7376  -125.5472    2
1996.8743  -118.7587  -118.8632  -125.8713  -125.9758    1
1996.9563  -130.9363  -120.8156  -136.4998  -126.3790    1
1997.0411  -140.4329  -122.0548  -145.1936  -126.8154    3
1997.1260  -155.5011  -131.2516  -151.5332  -127.2837    2
1997.2027  -146.0768  -120.3513  -153.4516  -127.7261    2
1997.2877  -151.4588  -131.3043  -148.3845  -128.2300    3
1997.3699  -131.2599  -124.4015  -135.5730  -128.7147    2
1997.4548  -120.5300  -131.5113  -118.2071  -129.1884    3
1997.5370  -111.0370  -136.0822  -104.5517  -129.5968    3
1997.6219   -98.0654  -128.1190   -99.8981  -129.9517    2
1997.7068  -102.3747  -126.8052  -105.8267  -130.2571    3
1997.7890  -121.9529  -134.8515  -117.6268  -130.5254    3
1997.8740  -125.6128  -125.7654  -130.6314  -130.7840    1
1997.9562  -135.0440  -124.9364  -141.1452  -131.0377    1
1998.0411  -147.6649  -129.2868  -149.6964  -131.3183    2
1998.1260  -154.9157  -130.6662  -155.8719  -131.6224    2
1998.2027  -157.2120  -131.4866  -157.6429  -131.9175    3
1998.2877  -155.2977  -135.1432  -152.4171  -132.2626    2
1998.3699  -141.8305  -134.9722  -139.4725  -132.6141    2
1998.4548  -117.6644  -128.6457  -122.0176  -132.9988    1
1998.5370  -101.3911  -126.4363  -108.3526  -133.3978    2
1998.6219  -114.4432  -144.4968  -103.7821  -133.8356    1
1998.7068  -115.3203  -139.7508  -109.8490  -134.2794    1
1998.7890  -126.5636  -139.4622  -121.8022  -134.7008    1
1998.8740     0.0000     0.0000  -134.9797  -135.1323    0
1998.9562     0.0000     0.0000  -145.6684  -135.5609    0
1999.0411  -141.8617  -123.4836  -154.4106  -136.0325    1
1999.1260     0.0000     0.0000  -160.7976  -136.5480    0
1999.2027  -161.4448  -135.7193  -162.7742  -137.0487    4
1999.2877  -173.7679  -153.6134  -157.7921  -137.6376    1
1999.3699  -138.6054  -131.7471  -145.1035  -138.2452    1
1999.4548  -131.8833  -142.8646  -127.9369  -138.9182    2
1999.5370  -110.2630  -135.3082  -114.5636  -139.6088    1
1999.6219  -117.0179  -147.0715  -110.3125  -140.3661    1
1999.7068  -120.6444  -145.0748  -116.7488  -141.1793    1
1999.7890  -129.1890  -142.0876  -129.1415  -142.0401    2
1999.8740  -133.6802  -133.8327  -142.8832  -143.0358    1
1999.9562  -146.7087  -136.6012  -154.2366  -144.1291    1
2000.0410  -161.5262  -143.1576  -163.7736  -145.4050    1
2000.1257  -168.1847  -143.9519  -171.0626  -146.8299    3
2000.2049  -173.8267  -148.1387  -173.9726  -148.2847    2
2000.2896  -166.6662  -146.7423  -169.8642  -149.9404    2
2000.3716  -156.8134  -150.2972  -158.1207  -151.6045    5
2000.4563  -143.3614  -154.6485  -142.0492  -153.3364    4
2000.5383  -130.5951  -155.7958  -129.7731  -154.9739    4
2000.6230  -132.4728  -162.5174  -126.5401  -156.5847    3
2000.7077  -131.9157  -156.2536  -133.7352  -158.0731    2
2000.7896  -147.6371  -160.4467  -146.5751  -159.3848    3
2000.8743  -161.7250  -161.8295  -160.4964  -160.6009    2
2000.9563  -172.7582  -162.6375  -171.7627  -161.6419    1
2001.0411  -182.6290  -164.2509  -180.9601  -162.5820    1
2001.1260  -188.6213  -164.3718  -187.6378  -163.3883    2
2001.2027  -197.3420  -171.6165  -189.7351  -164.0096    2
2001.2877  -186.2111  -166.0566  -184.7512  -164.5967    2
2001.3699  -159.3053  -152.4469  -171.9567  -165.0983    3
2001.4548  -156.7603  -167.7416  -154.6055  -165.5868    2
2001.5370  -145.0186  -170.0638  -140.9782  -166.0234    2
2001.6219  -141.8073  -171.8609  -136.3654  -166.4190    2
2001.7068  -145.6166  -170.0471  -142.3228  -166.7532    1
2001.7890  -157.6033  -170.5019  -154.1325  -167.0311    2
2001.8740  -164.8927  -165.0453  -167.1461  -167.2987    1
2001.9562  -176.1858  -166.0783  -177.6791  -167.5716    3
2002.0411  -188.5289  -170.1507  -186.2842  -167.9061    1
2002.1260     0.0000     0.0000  -192.5759  -168.3264    0
2002.2027  -186.9881  -161.2626  -194.5318  -168.8063    2
2002.2877  -175.8849  -155.7305  -189.6266  -169.4721    2
2002.3699  -180.2968  -173.4385  -177.0972  -170.2389    2
2002.4548  -170.7240  -181.7053  -160.1191  -171.1004    4
2002.5370  -136.5453  -161.5905  -146.9212  -171.9663    2
2002.6219  -138.8894  -168.9430  -142.8633  -172.9168    1
2002.7068  -147.1448  -171.5752  -149.5032  -173.9337    2
2002.7890  -162.0997  -174.9982  -162.0749  -174.9735    3
2002.8740     0.0000     0.0000  -175.9378  -176.0904    0
2002.9562  -177.1469  -167.0394  -187.2985  -177.1909    1
2003.0411     0.0000     0.0000  -196.7047  -178.3266    0
2003.1260  -205.3445  -181.0950  -203.6726  -179.4231    3
2003.2027  -209.2160  -183.4905  -206.0685  -180.3430    2
2003.2877  -202.2933  -182.1388  -201.4037  -181.2492    4
2003.3699  -201.3435  -194.4852  -188.8492  -181.9908    2
2003.4548  -174.0094  -184.9907  -171.6418  -182.6231    3
2003.5370  -156.5736  -181.6188  -158.1030  -183.1482    2
2003.6219  -138.7539  -168.8074  -153.6093  -183.6628    2
2003.7068  -161.0412  -185.4717  -159.7821  -184.2126    1
2003.7890  -171.9129  -184.8114  -171.8986  -184.7972    1
2003.8740     0.0000     0.0000  -185.2971  -185.4497    0
2003.9562  -192.6292  -182.5217  -196.2290  -186.1215    2
2004.0410     0.0000     0.0000  -205.2147  -186.8461    0
2004.1257  -216.4889  -192.2562  -211.8128  -187.5801    3
2004.2049  -200.5265  -174.8386  -213.9495  -188.2615    1
2004.2896  -223.3006  -203.3768  -208.9080  -188.9841    1
2004.3716  -194.4907  -187.9745  -196.1888  -189.6726    2
2004.4563  -181.7204  -193.0075  -179.0851  -190.3723    2
2004.5383  -169.8965  -195.0972  -165.8345  -191.0353    1
2004.6230     0.0000     0.0000  -161.6642  -191.7088    0
2004.7077  -159.3898  -183.7277  -168.0526  -192.3905    1
2004.7896  -179.6015  -192.4111  -180.2686  -193.0782    1
2004.8743     0.0000     0.0000  -193.7209  -193.8254    0
2004.9563  -205.6182  -195.4974  -204.7086  -194.5879    1
2005.0411  -207.1909  -188.8128  -213.7991  -195.4210    1
2005.1260  -221.5433  -197.2937  -220.5543  -196.3048    2
2005.2027  -223.2883  -197.5628  -222.8696  -197.1441    1
2005.2877  -219.3106  -199.1561  -218.2685  -198.1140    3
2005.3699  -199.2001  -192.3418  -205.9439  -199.0855    3
2005.4548  -190.6301  -201.6114  -189.1332  -200.1145    2
2005.5370  -182.5434  -207.5886  -176.0686  -201.1137    2
2005.6219  -172.7507  -202.8042  -172.0787  -202.1323    3
2005.7068  -185.9765  -210.4069  -178.7026  -203.1330    1
2005.7890  -189.3263  -202.2249  -191.1863  -204.0849    3
2005.8740     0.0000     0.0000  -204.9082  -205.0608    0
2005.9562  -212.6528  -202.5452  -216.1094  -206.0019    1
2006.0411  -222.1842  -203.8061  -225.3474  -206.9692    1
2006.1260  -241.7283  -217.4788  -232.1748  -207.9253    1
2006.2027  -233.8439  -208.1184  -234.4983  -208.7729    4
2006.2877  -230.3811  -210.2266  -229.8520  -209.6975    2
2006.3699  -219.8777  -213.0194  -217.4468  -210.5884    2
2006.4548  -204.3912  -215.3724  -200.5375  -211.5188    2
2006.5370  -180.7859  -205.8311  -187.4068  -212.4520    1
2006.6219  -178.6960  -208.7495  -183.4272  -213.4808    1
2006.7068  -189.8967  -214.3272  -190.1620  -214.5924    2
2006.7890  -196.3206  -209.2191  -202.8562  -215.7548    2
2006.8740  -210.2823  -210.4348  -216.8941  -217.0467    2
2006.9562     0.0000     0.0000  -228.4703  -218.3628    0
2007.0411  -251.1022  -232.7241  -238.1236  -219.7455    1
2007.1260  -244.8950  -220.6455  -245.3537  -221.1042    4
2007.2027  -256.9919  -231.2664  -248.0121  -222.2866    1
2007.2877  -250.9757  -230.8212  -243.6753  -223.5209    1
2007.3699  -232.3536  -225.4952  -231.4873  -224.6289    2
2007.4548  -214.0833  -225.0645  -214.7108  -225.6921    2
2007.5370  -204.5482  -229.5933  -201.6081  -226.6533    1
2007.6219  -200.0584  -230.1120  -197.5352  -227.5887    1
2007.7068  -203.4456  -227.8761  -204.0523  -228.4828    2
2007.7890  -211.4848  -224.3834  -216.4323  -229.3309    1
2007.8740     0.0000     0.0000  -230.0559  -230.2084    0
2007.9562  -243.1915  -233.0839  -241.1758  -231.0683    1
2008.0410  -239.2256  -220.8570  -250.3449  -231.9763    1
2008.1257  -252.8317  -228.5990  -257.1478  -232.9151    2
2008.2049     0.0000     0.0000  -259.5055  -233.8176    0
2008.2896  -256.1191  -236.1952  -254.7072  -234.7834    1
2008.3716  -244.6075  -238.0913  -242.2070  -235.6909    4
2008.4563  -237.4580  -248.7451  -225.2944  -236.5815    1
2008.5383  -206.0182  -231.2190  -212.1977  -237.3985    2
2008.6230  -210.3540  -240.3986  -208.1608  -238.2054    2
2008.7077     0.0000     0.0000  -214.6305  -238.9684    0
2008.7896  -235.2953  -248.1049  -226.8551  -239.6647    1
2008.8743  -236.8299  -236.9344  -240.2430  -240.3475    1
2008.9563  -252.0165  -241.8958  -251.1093  -240.9885    1
2009.0411  -262.0534  -243.6753  -260.0241  -241.6459    1
2009.1260  -265.7929  -241.5434  -266.5636  -242.3141    3
2009.2027  -266.8839  -241.1584  -268.6679  -242.9424    1
2009.2877  -262.3080  -242.1535  -263.8367  -243.6822    3
2009.3699  -259.0409  -252.1825  -251.3161  -244.4577    1
2009.4548  -226.7032  -237.6845  -234.3504  -245.3317    2
2009.5370     0.0000     0.0000  -221.2064  -246.2516    0
2009.6219  -221.4358  -251.4893  -217.2140  -247.2675    1
2009.7068  -225.4827  -249.9132  -223.9043  -248.3348    1
2009.7890  -239.2740  -252.1725  -236.5098  -249.4084    1
2009.8740  -244.0800  -244.2326  -250.4063  -250.5589    1
2009.9562  -260.3032  -250.1957  -261.8179  -251.7104    2
2010.0411     0.0000     0.0000  -271.3085  -252.9303    0
2010.1260  -265.9335  -241.6840  -278.4153  -254.1658    1
2010.2027  -281.6287  -255.9032  -281.0033  -255.2779    4
2010.2877  -279.6518  -259.4973  -276.6270  -256.4725    5
2010.3699  -263.4590  -256.6007  -264.4266  -257.5682    3
2010.4548  -251.1221  -262.1034  -247.6482  -258.6295    2
2010.5370  -234.7731  -259.8183  -234.5360  -259.5812    1
2010.6219  -239.6264  -269.6800  -230.4333  -260.4869    1
2010.7068  -236.6910  -261.1214  -236.8870  -261.3175    2
2010.7890  -248.8039  -261.7024  -249.1632  -262.0617    2
2010.8740     0.0000     0.0000  -262.6381  -262.7907    0
2010.9562  -264.9439  -254.8364  -273.5863  -263.4787    1
2011.0411     0.0000     0.0000  -282.5685  -264.1904    0
2011.1260  -288.1292  -263.8796  -289.1581  -264.9086    1
2011.2027  -291.5418  -265.8163  -291.2897  -265.5642    2
2011.2877  -288.0489  -267.8944  -286.4505  -266.2960    2
2011.3699  -277.6442  -270.7859  -273.8691  -267.0108    1
2011.4548  -251.9424  -262.9236  -256.7841  -267.7654    1
2011.5370  -235.5526  -260.5978  -243.4778  -268.5230    1
2011.6219  -237.7439  -267.7975  -239.2858  -269.3393    1
2011.7068     0.0000     0.0000  -245.7520  -270.1824    0
2011.7890  -259.5701  -272.4687  -258.1110  -271.0096    1
2011.8740  -274.7175  -274.8701  -271.7093  -271.8618    1
2011.9562     0.0000     0.0000  -282.7821  -272.6746    0
2012.0410  -301.3956  -283.0270  -291.8637  -273.4952    1
2012.1257  -305.9170  -281.6843  -298.5266  -274.2939    1
2012.2049  -306.9126  -281.2247  -300.7241  -275.0362    2
2012.2896  -290.7442  -270.8204  -295.7824  -275.8586    2
2012.3716  -282.0044  -275.4882  -283.2509  -276.7347    2
2012.4563  -256.9954  -268.2826  -266.4830  -277.7702    2
2012.5383  -254.2080  -279.4088  -253.7244  -278.9252    2
2012.6230  -243.0996  -273.1442  -250.2382  -280.2828    2
2012.7077  -253.4397  -277.7776  -257.4587  -281.7967    1
2012.7896  -266.4664  -279.2760  -270.5724  -283.3820    3
2012.8743  -277.4344  -277.5389  -284.9890  -285.0935    2
2012.9563  -300.4209  -290.3002  -296.8702  -286.7495    2
2013.0411  -317.6285  -299.2504  -306.7456  -288.3675    2
2013.1260  -326.5029  -302.2533  -314.0449  -289.7954    2
2013.2027  -323.3584  -297.6329  -316.5964  -290.8710    1
2013.2877  -316.6532  -296.4987  -311.9791  -291.8246    4
2013.3699  -301.2578  -294.3995  -299.3999  -292.5415    4
2013.4548  -275.6946  -286.6759  -282.1463  -293.1276    2
2013.5370  -267.3283  -292.3734  -268.5559  -293.6011    3
2013.6219  -267.9773  -298.0309  -263.9958  -294.0494    1
2013.7068  -261.0447  -285.4752  -270.0749  -294.5054    2
2013.7890  -276.4029  -289.3015  -282.0991  -294.9977    2
2013.8740     0.0000     0.0000  -295.4169  -295.5695    0
2013.9562  -312.4030  -302.2954  -306.2844  -296.1768    2
2014.0411  -302.5284  -284.1503  -315.2356  -296.8574    1
2014.1260  -318.0026  -293.7531  -321.8548  -297.6052    2
2014.2027  -322.9933  -297.2679  -324.0629  -298.3375    3
2014.2877  -327.9490  -307.7945  -319.3404  -299.1859    2
2014.3699  -306.5810  -299.7227  -306.8755  -300.0171    2
2014.4548  -293.2499  -304.2312  -289.8978  -300.8790    3
2014.5370  -271.4664  -296.5116  -276.6792  -301.7244    3
2014.6219  -270.2937  -300.3472  -272.5714  -302.6249    2
2014.7068  -278.9035  -303.3339  -279.1118  -303.5423    2
2014.7890  -296.3949  -309.2935  -291.5242  -304.4228    2
2014.8740  -304.2889  -304.4415  -305.1533  -305.3059    2
2014.9562  -317.7492  -307.6417  -316.2416  -306.1341    2
2015.0411     0.0000     0.0000  -325.3399  -306.9618    0
2015.1260  -333.8031  -309.5536  -332.0115  -307.7620    2
2015.2027  -323.9790  -298.2535  -334.1890  -308.4636    1
2015.2877  -332.3526  -312.1981  -329.3771  -309.2226    3
2015.3699  -325.3003  -318.4420  -316.8000  -309.9416    3
2015.4548  -287.7444  -298.7256  -299.7043  -310.6856    1
2015.5370  -281.2171  -306.2623  -286.4085  -311.4537    3
2015.6219  -267.2170  -297.2705  -282.2688  -312.3223    1
2015.7068  -297.7494  -322.1799  -288.8335  -313.2640    2
2015.7890  -299.0799  -311.9785  -301.3334  -314.2319    2
2015.8740  -314.3139  -314.4665  -315.1402  -315.2928    2
2015.9562  -330.8091  -320.7016  -326.4841  -316.3766    1
2016.0410  -330.8885  -312.5199  -335.9196  -317.5510    2
2016.1257     0.0000     0.0000  -343.0162  -318.7835    0
2016.2049  -343.5984  -317.9105  -345.6684  -319.9804    3
2016.2896  -345.4364  -325.5125  -341.2046  -321.2808    2
2016.3716  -335.9789  -329.4628  -329.0375  -322.5213    1
2016.4563  -311.0994  -322.3866  -312.4683  -323.7554    3
2016.5383  -298.8068  -324.0076  -299.7008  -324.9016    2
2016.6230  -299.9357  -329.9803  -295.9865  -326.0310    2
2016.7077  -300.7467  -325.0846  -302.7605  -327.0985    1
2016.7896  -321.2040  -334.0136  -315.2673  -328.0770    1
2016.8743  -325.2657  -325.3702  -328.9361  -329.0406    2
2016.9563  -337.6439  -327.5232  -340.0566  -329.9359    1
2017.0411  -349.3511  -330.9730  -349.2017  -330.8236    1
2017.1260  -359.5898  -335.3403  -355.9178  -331.6682    3
2017.2027  -346.1671  -320.4416  -358.1145  -332.3890    1
2017.2877  -365.2826  -345.1281  -353.3010  -333.1465    2
2017.3699  -341.7106  -334.8522  -340.6978  -333.8395    1
2017.4548  -323.0053  -333.9866  -323.5548  -334.5360    2
2017.5370  -298.7440  -323.7892  -310.1942  -335.2394    2
2017.6219  -305.0462  -335.0998  -305.9891  -336.0426    2
2017.7068  -311.5115  -335.9420  -312.5044  -336.9348    1
2017.7890  -322.5717  -335.4703  -324.9741  -337.8727    2
2017.8740  -338.5416  -338.6942  -338.7517  -338.9042    1
2017.9562     0.0000     0.0000  -350.0500  -339.9425    0
2018.0411  -362.9036  -344.5255  -359.4116  -341.0335    1
2018.1260  -375.1982  -350.9486  -366.3712  -342.1217    2
2018.2027  -368.9920  -343.2665  -368.8165  -343.0911    2
2018.2877  -352.8690  -332.7145  -364.3131  -344.1586    1
2018.3699  -360.4169  -353.5585  -352.0611  -345.2027    2
2018.4548  -328.4526  -339.4339  -335.3208  -346.3021    2
2018.5370  -305.0803  -330.1255  -322.3581  -347.4032    1
2018.6219  -321.8990  -351.9525  -318.5295  -348.5830    2
2018.7068  -336.0867  -360.5171  -325.3550  -349.7855    1
2018.7890  -335.0995  -347.9981  -338.0547  -350.9533    1
2018.8740     0.0000     0.0000  -352.0073  -352.1599    0
2018.9562     0.0000     0.0000  -363.4350  -353.3275    0
