% Monthly averaged 2data for station CGO       
%
% /data/instrument/database_active/curves/cgoc.mon                                                
%
% Date   - Date of measurement
% Value  - Averaged measured concentration, ppm
%          Zero value indicates no data available
% SsnDtr - Averaged measured value with fitted seasonal cycle removed
% Fit    - Average determined from curve fit
% FitDtr - Average from curve fit with seasonal cycle removed
% Num    - Number of averages used in the monthly mean calculation
%
%    Date      Value     SsnDtr        Fit     FitDtr  Num
1991.0411   353.3246   353.5731   352.6821   352.9306    1
1991.1260     0.0000     0.0000   352.5880   352.9318    0
1991.2027   352.1714   352.6201   352.4854   352.9342    1
1991.2877   352.4411   352.8597   352.5217   352.9403    1
1991.3699   352.3957   352.6675   352.6795   352.9512    1
1991.4548   352.9811   353.0739   352.8752   352.9680    2
1991.5370   353.1755   352.9635   353.2017   352.9897    2
1991.6219   353.6082   353.1084   353.5179   353.0181    2
1991.7068   353.6708   353.1402   353.5837   353.0531    2
1991.7890     0.0000     0.0000   353.5195   353.0942    0
1991.8740   353.4069   353.1999   353.3528   353.1458    1
1991.9562   353.1927   353.2746   353.1241   353.2061    1
1992.0410   352.7433   352.9917   353.0326   353.2809    3
1992.1257   352.5178   352.8611   353.0268   353.3701    1
1992.2049   352.6471   353.0977   353.0158   353.4664    3
1992.2896   353.4344   353.8501   353.1646   353.5803    2
1992.3716   353.5795   353.8481   353.4276   353.6962    2
1992.4563   353.9352   354.0238   353.7275   353.8161    1
1992.5383   354.2477   354.0304   354.1461   353.9288    2
1992.6230   354.6492   354.1474   354.5408   354.0391    2
1992.7077   354.8421   354.3121   354.6710   354.1411    2
1992.7896   355.0043   354.5800   354.6551   354.2308    1
1992.8743   354.7611   354.5553   354.5196   354.3138    2
1992.9563   354.5241   354.6064   354.3034   354.3857    1
1993.0411   354.1863   354.4348   354.2055   354.4540    2
1993.1260   354.0555   354.3992   354.1755   354.5193    2
1993.2027   354.2798   354.7286   354.1295   354.5783    2
1993.2877   354.0453   354.4639   354.2275   354.6462    3
1993.3699   354.4635   354.7352   354.4452   354.7170    2
1993.4548   354.5145   354.6074   354.7046   354.7974    2
1993.5370   354.9684   354.7564   355.0958   354.8838    2
1993.6219   355.2455   354.7457   355.4821   354.9823    2
1993.7068   355.8575   355.3269   355.6199   355.0894    2
1993.7890   355.6347   355.2094   355.6251   355.1998    3
1993.8740   355.5801   355.3731   355.5272   355.3202    2
1993.9562   355.1841   355.2661   355.3606   355.4425    2
1994.0411   355.7425   355.9910   355.3261   355.5745    1
1994.1260   355.5390   355.8827   355.3678   355.7116    1
1994.2027   355.6222   356.0709   355.3909   355.8396    1
1994.2877   355.2154   355.6340   355.5684   355.9871    2
1994.3699   355.7494   356.0211   355.8645   356.1362    2
1994.4548   356.0587   356.1515   356.2039   356.2967    1
1994.5370   356.4744   356.2625   356.6687   356.4568    2
1994.6219   357.7294   357.2296   357.1244   356.6246    1
1994.7068   357.3723   356.8417   357.3231   356.7925    2
1994.7890   357.3227   356.8974   357.3792   356.9539    2
1994.8740   357.4373   357.2303   357.3252   357.1182    2
1994.9562   357.4660   357.5480   357.1919   357.2739    1
1995.0411   357.3372   357.5856   357.1821   357.4305    1
1995.1260   357.1411   357.4849   357.2393   357.5830    1
1995.2027   357.3971   357.8459   357.2690   357.7178    3
1995.2877   357.3910   357.8096   357.4459   357.8645    2
1995.3699   357.4662   357.7379   357.7337   358.0054    2
1995.4548   358.2496   358.3424   358.0586   358.1514    2
1995.5370   358.3532   358.1412   358.5055   358.2936    1
1995.6219   358.6746   358.1748   358.9418   358.4420    3
1995.7068   359.0327   358.5021   359.1223   358.5918    1
1995.7890   359.1643   358.7390   359.1615   358.7362    2
1995.8740   359.1619   358.9549   359.0893   358.8824    2
1995.9562   359.1655   359.2474   358.9366   359.0185    2
1996.0410   359.1330   359.3813   358.9037   359.1520    2
1996.1257   359.0373   359.3805   358.9347   359.2779    2
1996.2049   358.7914   359.2420   358.9393   359.3899    1
1996.2896   358.9823   359.3980   359.0893   359.5050    2
1996.3716   359.2528   359.5214   359.3444   359.6130    2
1996.4563   359.6584   359.7471   359.6332   359.7218    1
1996.5383   360.0142   359.7969   360.0416   359.8243    2
1996.6230   360.7529   360.2512   360.4284   359.9266    2
1996.7077   360.5397   360.0098   360.5556   360.0257    2
1996.7896   360.5060   360.0817   360.5445   360.1202    3
1996.8743   360.3921   360.1863   360.4241   360.2183    1
1996.9563   360.1592   360.2416   360.2329   360.3152    2
1997.0411   360.0474   360.2958   360.1704   360.4189    2
1997.1260   360.0049   360.3486   360.1833   360.5270    1
1997.2027   360.3419   360.7907   360.1799   360.6287    3
1997.2877   360.2775   360.6961   360.3270   360.7457    1
1997.3699   360.9409   361.2126   360.5920   360.8638    2
1997.4548   360.9376   361.0304   360.8996   360.9925    1
1997.5370   361.1497   360.9378   361.3381   361.1261    3
1997.6219   361.7801   361.2803   361.7758   361.2760    2
1997.7068   361.7968   361.2663   361.9698   361.4393    2
1997.7890   361.9731   361.5478   362.0368   361.6115    2
1997.8740   361.7345   361.5276   362.0117   361.8047    1
1997.9562   361.8021   361.8841   361.9242   362.0062    2
1998.0411   361.6027   361.8511   361.9798   362.2282    1
1998.1260   361.8555   362.1993   362.1186   362.4624    2
1998.2027   362.3611   362.8098   362.2326   362.6814    2
1998.2877   362.6865   363.1051   362.5089   362.9275    2
1998.3699   362.9334   363.2051   362.8938   363.1655    1
1998.4548   363.4070   363.4998   363.3155   363.4083    2
1998.5370   363.8055   363.5935   363.8495   363.6376    3
1998.6219   364.4363   363.9365   364.3660   363.8662    1
1998.7068   364.8125   364.2820   364.6144   364.0838    2
1998.7890   364.6988   364.2734   364.7068   364.2815    1
1998.8740   364.7659   364.5589   364.6782   364.4712    2
1998.9562   364.6570   364.7390   364.5575   364.6394    2
1999.0411   364.8967   365.1452   364.5485   364.7970    1
1999.1260   364.9430   365.2868   364.5946   364.9384    2
1999.2027   364.5935   365.0423   364.6049   365.0537    3
1999.2877   364.7514   365.1700   364.7522   365.1708    2
1999.3699   364.8623   365.1340   365.0053   365.2770    2
1999.4548   365.2112   365.3040   365.2902   365.3830    2
1999.5370   365.6449   365.4329   365.6965   365.4846    1
1999.6219   365.8228   365.3230   366.0906   365.5908    2
1999.7068   366.0974   365.5669   366.2304   365.6999    3
1999.7890   366.1930   365.7677   366.2336   365.8083    2
1999.8740   365.8710   365.6641   366.1294   365.9224    2
1999.9562   366.2233   366.3052   365.9511   366.0331    2
2000.0410   366.3872   366.6355   365.8966   366.1450    1
2000.1257   366.1221   366.4653   365.9096   366.2529    2
2000.2049   365.9423   366.3929   365.8997   366.3503    3
2000.2896   366.0834   366.4991   366.0364   366.4522    2
2000.3716   366.1473   366.4159   366.2820   366.5506    2
2000.4563   366.4401   366.5287   366.5657   366.6543    2
2000.5383   367.0092   366.7918   366.9752   366.7579    2
2000.6230   367.2753   366.7736   367.3713   366.8695    3
2000.7077   367.4206   366.8907   367.5166   366.9866    2
2000.7896   367.5678   367.1435   367.5296   367.1053    2
2000.8743   367.5127   367.3069   367.4385   367.2327    1
2000.9563   367.3558   367.4382   367.2780   367.3603    2
2001.0411   367.2396   367.4881   367.2481   367.4965    2
2001.1260   367.3092   367.6530   367.2938   367.6376    2
2001.2027   367.4246   367.8734   367.3205   367.7693    2
2001.2877   367.4643   367.8829   367.5015   367.9202    2
2001.3699   367.5871   367.8588   367.8003   368.0720    2
2001.4548   368.1837   368.2765   368.1429   368.2357    2
2001.5370   368.4998   368.2878   368.6128   368.4008    2
2001.6219   368.9283   368.4285   369.0776   368.5778    1
2001.7068   369.3763   368.8458   369.2910   368.7604    2
2001.7890   369.4267   369.0014   369.3664   368.9411    2
2001.8740   369.2071   369.0001   369.3378   369.1308    2
2001.9562   369.4298   369.5117   369.2347   369.3167    2
2002.0411     0.0000     0.0000   369.2620   369.5105    0
2002.1260   369.3687   369.7125   369.3619   369.7057    2
2002.2027   369.4471   369.8959   369.4343   369.8830    2
2002.2877   369.6015   370.0201   369.6619   370.0805    2
2002.3699   369.9188   370.1906   370.0009   370.2726    2
2002.4548   370.2652   370.3580   370.3791   370.4720    2
2002.5370   370.9783   370.7663   370.8769   370.6650    2
2002.6219   371.4859   370.9861   371.3627   370.8629    1
2002.7068   371.7660   371.2354   371.5883   371.0578    2
2002.7890   371.7580   371.3327   371.6683   371.2430    2
2002.8740   371.5457   371.3387   371.6385   371.4315    2
2002.9562   371.4080   371.4900   371.5299   371.6119    2
2003.0411   371.4926   371.7411   371.5482   371.7966    2
2003.1260   371.6145   371.9582   371.6356   371.9794    1
2003.2027   371.6244   372.0732   371.6935   372.1423    2
2003.2877   372.0401   372.4587   371.9007   372.3193    2
2003.3699   372.3399   372.6116   372.2145   372.4862    2
2003.4548   372.5297   372.6225   372.5608   372.6536    2
2003.5370   372.9909   372.7790   373.0231   372.8111    2
2003.6219   373.5714   373.0716   373.4695   372.9697    2
2003.7068   373.8145   373.2839   373.6550   373.1244    2
2003.7890   373.5574   373.1321   373.6966   373.2713    2
2003.8740   373.5799   373.3730   373.6287   373.4217    2
2003.9562   373.5227   373.6046   373.4846   373.5666    1
2004.0410   373.1986   373.4469   373.4675   373.7158    2
2004.1257   373.4324   373.7756   373.5212   373.8644    2
2004.2049   373.7790   374.2296   373.5515   374.0021    3
2004.2896   373.6794   374.0951   373.7309   374.1466    2
2004.3716   374.0004   374.2690   374.0153   374.2839    3
2004.4563   374.5530   374.6416   374.3348   374.4234    3
2004.5383   375.0096   374.7923   374.7742   374.5568    2
2004.6230   375.3478   374.8460   375.1969   374.6951    2
2004.7077   375.0541   374.5242   375.3676   374.8377    2
2004.7896   375.0306   374.6063   375.4084   374.9841    2
2004.8743   375.1851   374.9792   375.3530   375.1472    2
2004.9563   375.1499   375.2322   375.2343   375.3167    1
2005.0411   375.2098   375.4583   375.2551   375.5035    2
2005.1260   375.0782   375.4220   375.3573   375.7011    2
2005.2027   375.3669   375.8157   375.4382   375.8870    2
2005.2877   375.5205   375.9391   375.6791   376.0977    2
2005.3699   376.0992   376.3709   376.0310   376.3028    2
2005.4548   376.9997   377.0925   376.4183   376.5111    2
2005.5370   377.0340   376.8220   376.9173   376.7053    2
2005.6219   377.5894   377.0896   377.3965   376.8967    2
2005.7068   377.4082   376.8777   377.6092   377.0786    2
2005.7890   377.5625   377.1372   377.6724   377.2470    2
2005.8740   377.6038   377.3968   377.6211   377.4141    1
2005.9562   377.3831   377.4651   377.4868   377.5688    1
2006.0411   377.6541   377.9025   377.4723   377.7208    2
2006.1260   377.7107   378.0545   377.5203   377.8640    2
2006.2027   377.7721   378.2209   377.5372   377.9860    2
2006.2877   377.6934   378.1121   377.6957   378.1143    1
2006.3699   378.0765   378.3483   377.9624   378.2341    2
2006.4548   378.1620   378.2548   378.2642   378.3570    2
2006.5370   378.6292   378.4173   378.6907   378.4787    2
2006.6219   378.8915   378.3917   379.1105   378.6107    2
2006.7068   379.1125   378.5819   379.2824   378.7519    2
2006.7890   379.2701   378.8448   379.3240   378.8987    2
2006.8740   378.9940   378.7870   379.2683   379.0613    2
2006.9562   379.1233   379.2053   379.1464   379.2283    2
2007.0411   379.1929   379.4414   379.1608   379.4092    2
2007.1260   379.2194   379.5631   379.2525   379.5963    1
2007.2027   379.5360   379.9848   379.3202   379.7690    1
2007.2877     0.0000     0.0000   379.5439   379.9625    0
2007.3699   380.0907   380.3624   379.8790   380.1507    2
2007.4548   380.2441   380.3369   380.2524   380.3452    2
2007.5370   380.7206   380.5087   380.7453   380.5333    2
2007.6219   381.2390   380.7392   381.2275   380.7277    2
2007.7068   381.2220   380.6914   381.4524   380.9218    2
2007.7890   381.4940   381.0687   381.5345   381.1092    2
2007.8740   381.4980   381.2910   381.5078   381.3008    2
2007.9562   381.4855   381.5675   381.4004   381.4824    1
2008.0410   381.4975   381.7458   381.4155   381.6639    3
2008.1257   381.6457   381.9890   381.4945   381.8377    2
2008.2049   381.6026   382.0532   381.5426   381.9932    3
2008.2896   381.8137   382.2294   381.7359   382.1517    1
2008.3716   382.0801   382.3487   382.0295   382.2981    1
2008.4563   382.2287   382.3174   382.3547   382.4433    2
2008.5383   382.8373   382.6200   382.7962   382.5789    2
2008.6230   383.0648   382.5631   383.2163   382.7146    2
2008.7077   383.4232   382.8933   383.3759   382.8460    2
2008.7896   383.5421   383.1178   383.3932   382.9689    2
2008.8743   383.2119   383.0061   383.2973   383.0915    2
2008.9563   383.1805   383.2628   383.1246   383.2069    2
2009.0411   383.2707   383.5191   383.0754   383.3238    1
2009.1260     0.0000     0.0000   383.0954   383.4391    0
2009.2027   383.2062   383.6550   383.0942   383.5430    2
2009.2877   383.3200   383.7386   383.2405   383.6591    2
2009.3699   383.3510   383.6227   383.5031   383.7749    2
2009.4548   383.6177   383.7105   383.8075   383.9004    2
2009.5370   384.1524   383.9405   384.2410   384.0291    2
2009.6219   384.4827   383.9829   384.6702   384.1704    3
2009.7068   384.7922   384.2616   384.8501   384.3195    2
2009.7890   384.8305   384.4052   384.8949   384.4696    1
2009.8740   385.5221   385.3151   384.8351   384.6281    2
2009.9562   384.6532   384.7352   384.7014   384.7834    3
2010.0411   384.6587   384.9072   384.6982   384.9467    2
2010.1260   384.6047   384.9485   384.7702   385.1140    1
2010.2027   384.4289   384.8777   384.8209   385.2696    2
2010.2877     0.0000     0.0000   385.0286   385.4472    0
2010.3699   385.1784   385.4502   385.3510   385.6227    1
2010.4548   385.6201   385.7129   385.7128   385.8057    2
2010.5370   386.3260   386.1140   386.1935   385.9816    1
2010.6219   386.7905   386.2907   386.6589   386.1591    2
2010.7068   387.0978   386.5672   386.8599   386.3293    3
2010.7890     0.0000     0.0000   386.9104   386.4851    0
2010.8740   387.0887   386.8818   386.8432   386.6363    2
2010.9562   386.7546   386.8366   386.6920   386.7739    2
2011.0411     0.0000     0.0000   386.6610   386.9094    0
2011.1260   386.7337   387.0775   386.6970   387.0407    2
2011.2027   386.5631   387.0119   386.7094   387.1582    3
2011.2877   386.9862   387.4048   386.8710   387.2896    1
2011.3699   386.8740   387.1457   387.1481   387.4198    2
2011.4548   387.4817   387.5746   387.4661   387.5589    1
2011.5370   387.9085   387.6966   387.9104   387.6984    1
2011.6219   387.9561   387.4563   388.3474   387.8476    1
2011.7068   388.7286   388.1980   388.5324   388.0018    2
2011.7890   388.7399   388.3145   388.5805   388.1551    1
2011.8740   388.6416   388.4346   388.5245   388.3175    2
2011.9562   388.5508   388.6328   388.3969   388.4788    1
2012.0410   388.4721   388.7204   388.4023   388.6506    1
2012.1257   388.4490   388.7922   388.4863   388.8296    2
2012.2049   388.4987   388.9493   388.5547   389.0053    2
2012.2896   388.7426   389.1584   388.7883   389.2040    1
2012.3716   388.8186   389.0872   389.1401   389.4087    2
2012.4563   389.2816   389.3703   389.5454   389.6340    3
2012.5383   390.0398   389.8225   390.0820   389.8647    1
2012.6230   390.7562   390.2544   390.6149   390.1131    2
2012.7077   391.0904   390.5605   390.8979   390.3680    2
2012.7896   391.0815   390.6572   391.0425   390.6182    2
2012.8743   391.0403   390.8345   391.0846   390.8788    2
2012.9563   390.9825   391.0649   391.0497   391.1320    1
2013.0411   391.0453   391.2938   391.1450   391.3935    2
2013.1260   391.1347   391.4785   391.3093   391.6530    2
2013.2027   391.9052   392.3540   391.4346   391.8834    1
2013.2877   391.7895   392.2082   391.7125   392.1311    1
2013.3699   392.1700   392.4418   392.0898   392.3615    2
2013.4548   392.7319   392.8247   392.4954   392.5882    1
2013.5370   393.2415   393.0295   393.0076   392.7956    1
2013.6219   393.6907   393.1909   393.4970   392.9972    2
2013.7068   393.5526   393.0221   393.7168   393.1862    2
2013.7890   393.9427   393.5174   393.7837   393.3584    2
2013.8740   393.6362   393.4292   393.7330   393.5260    2
2013.9562   393.6013   393.6833   393.5978   393.6798    2
2014.0411   393.6547   393.9031   393.5829   393.8314    2
2014.1260   394.0088   394.3525   393.6327   393.9765    1
2014.2027   393.6743   394.1231   393.6546   394.1034    2
2014.2877   393.6910   394.1096   393.8228   394.2414    2
2014.3699   394.1487   394.4204   394.1030   394.3747    2
2014.4548   394.3349   394.4278   394.4217   394.5146    2
2014.5370     0.0000     0.0000   394.8660   394.6541    0
2014.6219   395.4813   394.9815   395.3041   394.8043    1
2014.7068   395.3953   394.8647   395.4936   394.9630    2
2014.7890   395.3583   394.9330   395.5520   395.1266    1
2014.8740   395.4311   395.2241   395.5150   395.3080    2
2014.9562   395.3095   395.3915   395.4148   395.4967    2
2015.0411   395.1917   395.4402   395.4575   395.7059    1
2015.1260   395.6028   395.9466   395.5855   395.9293    1
2015.2027   395.5287   395.9775   395.6935   396.1423    3
2015.2877   396.1509   396.5696   395.9703   396.3889    2
2015.3699   396.4528   396.7246   396.3642   396.6360    2
2015.4548   397.0589   397.1517   396.8055   396.8983    2
2015.5370   397.2500   397.0381   397.3703   397.1584    1
2015.6219   397.5442   397.0444   397.9335   397.4337    1
2015.7068   398.1444   397.6138   398.2465   397.7160    2
2015.7890   398.3997   397.9744   398.4203   397.9950    1
2015.8740   398.2569   398.0499   398.4948   398.2878    2
2015.9562   398.3467   398.4287   398.4917   398.5737    2
2016.0410   398.3062   398.5545   398.6197   398.8680    1
2016.1257   398.8768   399.2200   398.8137   399.1570    2
2016.2049     0.0000     0.0000   398.9679   399.4185    0
2016.2896   399.5377   399.9535   399.2683   399.6840    2
2016.3716   399.9800   400.2486   399.6542   399.9227    2
2016.4563   400.4209   400.5095   400.0590   400.1477    1
2016.5383   400.9920   400.7747   400.5607   400.3434    2
2016.6230   401.1947   400.6929   401.0261   400.5243    2
2016.7077   401.2999   400.7700   401.2171   400.6871    1
2016.7896   401.5927   401.1684   401.2560   400.8317    2
2016.8743   400.9259   400.7201   401.1787   400.9729    2
2016.9563   400.8668   400.9491   401.0256   401.1079    2
2017.0411   400.6549   400.9034   401.0031   401.2516    1
2017.1260   400.7672   401.1110   401.0602   401.4040    2
2017.2027   401.0382   401.4870   401.1025   401.5513    1
2017.2877   401.1040   401.5226   401.3080   401.7266    1
2017.3699   401.4390   401.7107   401.6375   401.9093    1
2017.4548   401.7757   401.8685   402.0190   402.1118    2
2017.5370   402.4498   402.2379   402.5327   402.3207    2
2017.6219   403.0997   402.5999   403.0476   402.5478    2
2017.7068   403.3236   402.7930   403.3141   402.7835    3
2017.7890   403.5663   403.1410   403.4429   403.0175    1
2017.8740   403.6530   403.4460   403.4703   403.2633    2
2017.9562   403.1515   403.2335   403.4211   403.5031    2
2018.0411   403.6994   403.9479   403.5028   403.7512    2
2018.1260   403.8848   404.2285   403.6535   403.9973    1
2018.2027   403.7512   404.2000   403.7677   404.2164    2
2018.2877   403.9181   404.3367   404.0365   404.4551    2
2018.3699   404.0826   404.3543   404.4097   404.6814    1
2018.4548   406.5531   406.6459   404.8165   404.9093    1
2018.5370   405.0320   404.8201   405.3366   405.1247    2
2018.6219   405.6839   405.1841   405.8444   405.3446    1
2018.7068   405.8314   405.3008   406.0940   405.5635    1
2018.7890     0.0000     0.0000   406.2003   405.7750    0
2018.8740     0.0000     0.0000   406.2006   405.9936    0
2018.9562     0.0000     0.0000   406.1233   406.2052    0
