% Monthly averaged 2data for station KUM       
%
% /data/instrument/database_active/curves/kumc.mon                                                
%
% Date   - Date of measurement
% Value  - Averaged measured concentration, ppm
%          Zero value indicates no data available
% SsnDtr - Averaged measured value with fitted seasonal cycle removed
% Fit    - Average determined from curve fit
% FitDtr - Average from curve fit with seasonal cycle removed
% Num    - Number of averages used in the monthly mean calculation
%
%    Date      Value     SsnDtr        Fit     FitDtr  Num
1993.0411     0.0000     0.0000   356.3191   355.3655    0
1993.1260     0.0000     0.0000   357.6357   355.5628    0
1993.2027     0.0000     0.0000   358.2202   355.7410    0
1993.2877     0.0000     0.0000   359.0558   355.9383    0
1993.3699     0.0000     0.0000   359.8785   356.1293    0
1993.4548   359.9436   357.5964   358.6737   356.3266    1
1993.5370     0.0000     0.0000   355.6489   356.5176    0
1993.6219     0.0000     0.0000   352.8545   356.7159    0
1993.7068   352.1119   356.9185   352.1102   356.9167    1
1993.7890   352.6995   356.1375   353.6771   357.1151    2
1993.8740   355.7329   357.0955   355.9630   357.3256    2
1993.9562   357.3960   357.5702   357.3601   357.5344    2
1994.0411   359.2405   358.2868   358.7076   357.7540    3
1994.1260   358.6764   356.6036   360.0494   357.9765    2
1994.2027   361.3580   358.8788   360.6591   358.1799    1
1994.2877   361.6021   358.4846   361.5237   358.4062    2
1994.3699   362.4876   358.7383   362.3733   358.6240    2
1994.4548   360.7162   358.3691   361.1932   358.8460    2
1994.5370   357.9388   358.8075   358.1875   359.0562    1
1994.6219   355.9825   359.8439   355.4048   359.2661    3
1994.7068   354.8405   359.6470   354.6601   359.4666    2
1994.7890   356.8222   360.2602   356.2130   359.6510    2
1994.8740   358.7625   360.1251   358.4687   359.8312    2
1994.9562   359.8760   360.0503   359.8230   359.9972    1
1995.0411   360.4852   359.5316   361.1156   360.1620    2
1995.1260   361.5292   359.4563   362.3947   360.3218    2
1995.2027   363.2050   360.7258   362.9416   360.4624    3
1995.2877   364.4195   361.3021   363.7307   360.6133    2
1995.3699   364.2304   360.4811   364.5035   360.7542    2
1995.4548     0.0000     0.0000   363.2427   360.8956    0
1995.5370   359.9192   360.7879   360.1598   361.0286    2
1995.6219   357.4726   361.3339   357.3009   361.1622    2
1995.7068   356.7589   361.5654   356.4853   361.2918    2
1995.7890   358.0049   361.4429   357.9761   361.4141    2
1995.8740   360.2913   361.6539   360.1753   361.5379    2
1995.9562   360.6447   360.8190   361.4822   361.6565    1
1996.0410   361.8626   360.9107   362.7311   361.7792    2
1996.1257   364.6921   362.6223   363.9722   361.9024    2
1996.2049   364.7642   362.2761   364.5049   362.0169    2
1996.2896   364.3783   361.2392   365.2769   362.1378    2
1996.3716   365.7921   362.0448   365.9999   362.2526    2
1996.4563   365.6396   363.3400   364.6666   362.3669    1
1996.5383   362.4329   363.3542   361.5497   362.4710    3
1996.6230   359.5755   363.4630   358.6830   362.5705    1
1996.7077   358.3999   363.2029   357.8597   362.6627    2
1996.7896   359.2405   362.6638   359.3252   362.7486    2
1996.8743   361.5378   362.8936   361.4831   362.8389    1
1996.9563   362.3382   362.5111   362.7594   362.9323    2
1997.0411   363.9174   362.9637   363.9924   363.0388    2
1997.1260   363.8314   361.7585   365.2322   363.1594    2
1997.2027   365.9579   363.4787   365.7616   363.2824    2
1997.2877   366.0704   362.9529   366.5520   363.4345    2
1997.3699   367.2359   363.4866   367.3467   363.5974    1
1997.4548   366.6443   364.2972   366.1286   363.7814    2
1997.5370   362.8035   363.6722   363.1049   363.9736    2
1997.6219   361.1277   364.9891   360.3246   364.1859    1
1997.7068   358.5615   363.3680   359.6053   364.4118    2
1997.7890   360.4465   363.8845   361.2052   364.6432    2
1997.8740   362.9955   364.3581   363.5312   364.8938    2
1997.9562   365.5014   365.6757   364.9694   365.1437    2
1998.0411   366.8874   365.9338   366.3582   365.4046    2
1998.1260   368.6062   366.5333   367.7365   365.6636    2
1998.2027   368.9702   366.4910   368.3724   365.8932    2
1998.2877   369.1172   365.9997   369.2593   366.1419    2
1998.3699   369.5867   365.8375   370.1268   366.3775    3
1998.4548   367.7899   365.4428   368.9632   366.6161    2
1998.5370   365.9463   366.8150   365.9719   366.8406    2
1998.6219   363.6468   367.5081   363.2002   367.0616    2
1998.7068   363.6991   368.5056   362.4603   367.2669    1
1998.7890   365.9355   369.3735   364.0100   367.4480    2
1998.8740   365.9912   367.3538   366.2530   367.6156    3
1998.9562   367.1580   367.3323   367.5865   367.7608    1
1999.0411   368.8978   367.9442   368.8492   367.8956    2
1999.1260   369.3657   367.2928   370.0899   368.0171    2
1999.2027   371.5828   369.1036   370.5958   368.1166    3
1999.2877   371.3018   368.1843   371.3346   368.2171    2
1999.3699   371.7044   367.9552   372.0574   368.3081    2
1999.4548   370.4787   368.1315   370.7465   368.3993    2
1999.5370   367.8653   368.7340   367.6186   368.4873    2
1999.6219   364.5541   368.4154   364.7181   368.5794    2
1999.7068   362.8124   367.6189   363.8684   368.6749    1
1999.7890   365.1780   368.6160   365.3347   368.7727    1
1999.8740   367.8086   369.1712   367.5176   368.8801    2
1999.9562   368.6835   368.8578   368.8167   368.9910    2
2000.0410   369.8559   368.9040   370.0655   369.1136    2
2000.1257   370.3827   368.3129   371.3149   369.2451    3
2000.2049   372.2458   369.7577   371.8641   369.3761    2
2000.2896   373.3208   370.1817   372.6619   369.5229    2
2000.3716   373.5121   369.7648   373.4169   369.6696    2
2000.4563   371.7976   369.4980   372.1249   369.8253    1
2000.5383   368.0388   368.9601   369.0579   369.9792    2
2000.6230   366.9022   370.7897   366.2529   370.1404    2
2000.7077   366.0399   370.8429   365.4989   370.3019    1
2000.7896   366.9932   370.4165   367.0337   370.4571    3
2000.8743   368.6614   370.0172   369.2597   370.6155    2
2000.9563   373.1354   373.3083   370.5932   370.7660    1
2001.0411   371.4380   370.4844   371.8708   370.9172    2
2001.1260   373.3646   371.2917   373.1360   371.0631    2
2001.2027   375.2180   372.7388   373.6697   371.1905    2
2001.2877   373.4941   370.3766   374.4450   371.3275    2
2001.3699   375.4967   371.7474   375.2079   371.4586    1
2001.4548   373.4960   371.1489   373.9416   371.5945    2
2001.5370   371.2935   372.1622   370.8593   371.7281    3
2001.6219   368.0229   371.8842   368.0085   371.8699    2
2001.7068   366.8343   371.6408   367.2109   372.0174    2
2001.7890   368.5619   371.9998   368.7295   372.1675    2
2001.8740   370.9170   372.2795   370.9695   372.3321    2
2001.9562   371.7663   371.9406   372.3274   372.5016    2
2002.0411   372.4559   371.5023   373.6413   372.6877    2
2002.1260   374.2436   372.1707   374.9569   372.8841    2
2002.2027   377.4475   374.9683   375.5470   373.0678    2
2002.2877   376.4012   373.2838   376.3918   373.2743    2
2002.3699   376.5674   372.8181   377.2258   373.4765    2
2002.4548   375.8421   373.4949   376.0346   373.6874    2
2002.5370   372.4589   373.3276   373.0233   373.8920    2
2002.6219   370.9453   374.8066   370.2398   374.1011    2
2002.7068   369.9071   374.7136   369.4980   374.3045    1
2002.7890   371.9664   375.4044   371.0556   374.4935    2
2002.8740   374.1629   375.5254   373.3168   374.6794    2
2002.9562   374.3931   374.5674   374.6769   374.8512    2
2003.0411   375.8577   374.9040   375.9770   375.0234    2
2003.1260   377.0891   375.0163   377.2657   375.1928    2
2003.2027   376.8758   374.3966   377.8245   375.3453    2
2003.2877   378.3703   375.2528   378.6326   375.5152    2
2003.3699   378.7086   374.9593   379.4299   375.6806    1
2003.4548   379.1203   376.7732   378.1986   375.8514    2
2003.5370   376.0636   376.9323   375.1465   376.0152    2
2003.6219   371.1140   374.9753   372.3213   376.1826    2
2003.7068   372.4941   377.3006   371.5429   376.3494    2
2003.7890   373.8244   377.2624   373.0723   376.5102    2
2003.8740   375.6092   376.9718   375.3141   376.6767    2
2003.9562   375.9212   376.0955   376.6670   376.8413    3
2004.0410   377.6800   376.7281   377.9707   377.0188    1
2004.1257   378.6647   376.5949   379.2758   377.2060    2
2004.2049   379.0700   376.5820   379.8788   377.3907    4
2004.2896   381.1437   378.0046   380.7367   377.5976    2
2004.3716   380.9311   377.1839   381.5510   377.8037    2
2004.4563   380.5727   378.2730   380.3180   378.0184    3
2004.5383   377.8181   378.7394   377.3017   378.2230    2
2004.6230   374.1422   378.0297   374.5394   378.4269    2
2004.7077   376.2318   381.0347   373.8167   378.6197    2
2004.7896   375.4059   378.8292   375.3698   378.7932    2
2004.8743   378.8355   380.1912   377.6044   378.9602    2
2004.9563   377.0663   377.2392   378.9391   379.1120    1
2005.0411   378.2767   377.3231   380.2162   379.2626    1
2005.1260   381.8041   379.7312   381.4828   379.4099    2
2005.2027   381.8386   379.3594   382.0196   379.5404    2
2005.2877   383.5416   380.4242   382.8004   379.6829    2
2005.3699   383.4524   379.7031   383.5692   379.8200    3
2005.4548   382.2050   379.8578   382.3099   379.9628    2
2005.5370   379.3397   380.2084   379.2353   380.1040    2
2005.6219   375.1280   378.9894   376.3944   380.2557    1
2005.7068   375.1397   379.9462   375.6091   380.4156    2
2005.7890   377.0298   380.4677   377.1412   380.5792    3
2005.8740   378.4897   379.8523   379.3944   380.7570    2
2005.9562     0.0000     0.0000   380.7621   380.9364    0
2006.0411   382.5101   381.5565   382.0807   381.1271    1
2006.1260   383.4155   381.3427   383.3928   381.3199    2
2006.2027   383.5232   381.0440   383.9728   381.4936    2
2006.2877   385.1608   382.0433   384.8004   381.6829    2
2006.3699   386.6282   382.8789   385.6096   381.8603    3
2006.4548   385.4633   383.1162   384.3826   382.0354    2
2006.5370   381.9983   382.8670   381.3286   382.1973    2
2006.6219   376.4874   380.3487   378.4984   382.3597    2
2006.7068   377.4751   382.2816   377.7146   382.5211    1
2006.7890   379.5684   383.0064   379.2395   382.6775    2
2006.8740   381.7991   383.1617   381.4767   382.8393    2
2006.9562   383.5098   383.6840   382.8220   382.9963    2
2007.0411   383.4168   382.4632   384.1140   383.1604    3
2007.1260   386.4810   384.4081   385.4016   383.3287    1
2007.2027   384.4067   381.9275   385.9651   383.4859    2
2007.2877   386.4657   383.3482   386.7843   383.6669    2
2007.3699   387.1024   383.3531   387.5969   383.8476    2
2007.4548   386.2182   383.8711   386.3846   384.0375    2
2007.5370   383.8238   384.6925   383.3518   384.2205    2
2007.6219   381.8480   385.7093   380.5432   384.4045    1
2007.7068   380.0708   384.8773   379.7738   384.5803    2
2007.7890   382.0576   385.4956   381.3036   384.7415    2
2007.8740   385.9546   387.3172   383.5361   384.8987    1
2007.9562   384.2667   384.4410   384.8689   385.0432    3
2008.0410   386.1375   385.1857   386.1391   385.1872    2
2008.1257   387.1828   385.1130   387.3977   385.3279    2
2008.2049   387.0061   384.5181   387.9469   385.4588    2
2008.2896   388.9154   385.7763   388.7380   385.5989    2
2008.3716   389.0266   385.2793   389.4815   385.7343    4
2008.4563   388.1309   385.8313   388.1725   385.8728    4
2008.5383   385.8762   386.7975   385.0823   386.0036    4
2008.6230   383.1326   387.0201   382.2453   386.1328    4
2008.7077   381.2521   386.0551   381.4530   386.2560    4
2008.7896   382.8135   386.2369   382.9498   386.3731    3
2008.8743   384.6089   385.9647   385.1406   386.4963    4
2008.9563   386.2006   386.3734   386.4485   386.6213    5
2009.0411   387.8960   386.9424   387.7118   386.7582    4
2009.1260   389.0196   386.9467   388.9757   386.9028    4
2009.2027   389.6341   387.1549   389.5195   387.0403    3
2009.2877   389.8407   386.7232   390.3183   387.2008    4
2009.3699   390.7882   387.0389   391.1143   387.3650    3
2009.4548   390.4107   388.0636   389.8899   387.5427    5
2009.5370   386.9164   387.7851   386.8523   387.7210    4
2009.6219   384.5512   388.4125   384.0502   387.9115    5
2009.7068   382.8036   387.6101   383.3044   388.1110    3
2009.7890   383.7840   387.2220   384.8784   388.3164    4
2009.8740   386.4543   387.8169   387.1807   388.5433    5
2009.9562   388.6766   388.8508   388.6001   388.7744    3
2010.0411   390.6995   389.7459   389.9723   389.0187    4
2010.1260   391.6660   389.5932   391.3344   389.2616    4
2010.2027   392.0420   389.5628   391.9548   389.4756    5
2010.2877   392.9823   389.8648   392.8218   389.7043    4
2010.3699   393.8918   390.1426   393.6659   389.9166    5
2010.4548   392.8844   390.5372   392.4732   390.1260    4
2010.5370   388.6512   389.5199   389.4512   390.3199    4
2010.6219   385.7543   389.6156   386.6514   390.5127    5
2010.7068   386.4955   391.3020   385.8900   390.6965    3
2010.7890   388.3114   391.7493   387.4230   390.8610    3
2010.8740   390.9643   392.3269   389.6506   391.0132    5
2010.9562   390.1969   390.3711   390.9694   391.1437    4
2011.0411   392.8193   391.8657   392.2198   391.2662    4
2011.1260   392.4417   390.3688   393.4545   391.3817    2
2011.2027   393.5909   391.1117   393.9638   391.4846    4
2011.2877   394.8379   391.7204   394.7179   391.6005    2
2011.3699   395.8737   392.1245   395.4655   391.7162    3
2011.4548   394.2586   391.9115   394.1888   391.8417    5
2011.5370   390.3563   391.2250   391.1035   391.9722    4
2011.6219   387.3378   391.1992   388.2586   392.1199    2
2011.7068   388.0419   392.8484   387.4745   392.2810    4
2011.7890   388.4642   391.9022   389.0102   392.4482    4
2011.8740   392.0365   393.3991   391.2691   392.6317    3
2011.9562   392.5473   392.7215   392.6447   392.8189    4
2012.0410   393.3568   392.4049   393.9736   393.0217    4
2012.1257   395.2219   393.1521   395.3041   393.2343    5
2012.2049   395.8496   393.3616   395.9288   393.4408    4
2012.2896   397.4952   394.3561   396.8064   393.6673    4
2012.3716   397.7428   393.9955   397.6370   393.8897    4
2012.4563   395.9170   393.6174   396.4214   394.1218    3
2012.5383   393.1271   394.0484   393.4274   394.3487    4
2012.6230   391.6007   395.4882   390.6973   394.5848    4
2012.7077   390.1884   394.9914   390.0173   394.8203    2
2012.7896   391.2885   394.7119   391.6240   395.0474    3
2012.8743   393.5494   394.9052   393.9270   395.2828    2
2012.9563   394.6947   394.8676   395.3392   395.5121    4
2013.0411   396.6698   395.7162   396.7040   395.7504    4
2013.1260   397.7472   395.6744   398.0602   395.9873    4
2013.2027   399.5927   397.1135   398.6761   396.1969    4
2013.2877   399.3762   396.2587   399.5380   396.4205    5
2013.3699   401.2153   397.4660   400.3777   396.6285    4
2013.4548   399.1610   396.8138   399.1816   396.8345    3
2013.5370   395.7857   396.6544   396.1579   397.0266    5
2013.6219   393.6440   397.5053   393.3582   397.2195    4
2013.7068   391.8434   396.6499   392.6005   397.4070    4
2013.7890   394.5042   397.9421   394.1455   397.5835    5
2013.8740   396.8839   398.2465   396.3965   397.7591    4
2013.9562   397.5485   397.7228   397.7477   397.9220    5
2014.0411   399.5490   398.5953   399.0389   398.0853    4
2014.1260   400.1958   398.1229   400.3187   398.2459    4
2014.2027   399.9975   397.5183   400.8705   398.3913    4
2014.2877   401.8298   398.7123   401.6721   398.5547    5
2014.3699   402.5938   398.8445   402.4635   398.7143    4
2014.4548   401.4254   399.0782   401.2273   398.8802    5
2014.5370   397.8796   398.7483   398.1739   399.0426    4
2014.6219   395.0176   398.8789   395.3526   399.2139    3
2014.7068   394.3976   399.2041   394.5841   399.3906    4
2014.7890   396.0975   399.5355   396.1290   399.5670    4
2014.8740   398.7721   400.1347   398.3914   399.7540    2
2014.9562   399.9190   400.0933   399.7633   399.9376    5
2015.0411   401.2974   400.3438   401.0826   400.1290    4
2015.1260   402.7039   400.6311   402.3949   400.3221    4
2015.2027   403.4300   400.9507   402.9784   400.4992    2
2015.2877   403.8670   400.7495   403.8183   400.7008    4
2015.3699   404.7331   400.9838   404.6540   400.9047    4
2015.4548   402.9572   400.6101   403.4755   401.1284    5
2015.5370   399.9374   400.8061   400.4920   401.3607    3
2015.6219   397.2550   401.1163   397.7576   401.6189    3
2015.7068   397.1642   401.9707   397.0891   401.8956    3
2015.7890   398.1277   401.5656   398.7406   402.1786    3
2015.8740   400.5420   401.9046   401.1215   402.4841    4
2015.9562   402.4631   402.6374   402.6129   402.7871    4
2016.0410   405.2393   404.2874   404.0514   403.0995    2
2016.1257   406.3875   404.3177   405.4728   403.4029    3
2016.2049   406.7610   404.2730   406.1624   403.6743    5
2016.2896   407.5982   404.4591   407.0886   403.9495    4
2016.3716   408.2064   404.4592   407.9493   404.2020    4
2016.4563   406.1784   403.8787   406.7521   404.4525    5
2016.5383   403.0810   404.0023   403.7678   404.6891    4
2016.6230   401.1960   405.0835   401.0426   404.9301    5
2016.7077   399.6399   404.4428   400.3643   405.1673    2
2016.7896   401.7522   405.1756   401.9681   405.3914    3
2016.8743   404.0921   405.4479   404.2593   405.6151    5
2016.9563   405.1146   405.2875   405.6477   405.8206    3
2017.0411   408.6269   407.6733   406.9710   406.0174    5
2017.1260   408.9796   406.9068   408.2675   406.1946    4
2017.2027   408.6159   406.1367   408.8188   406.3396    4
2017.2877   408.6047   405.4872   409.6064   406.4890    3
2017.3699   410.0582   406.3089   410.3769   406.6277    5
2017.4548   409.2828   406.9356   409.1149   406.7678    4
2017.5370   406.6435   407.5122   406.0328   406.9015    5
2017.6219   402.0787   405.9400   403.1791   407.0404    4
2017.7068   401.8951   406.7016   402.3781   407.1846    4
2017.7890   403.6379   407.0759   403.8924   407.3304    3
2017.8740   406.0454   407.4079   406.1233   407.4859    5
2017.9562   408.4382   408.6124   407.4634   407.6376    4
2018.0411   408.8235   407.8699   408.7466   407.7930    5
2018.1260   409.5295   407.4566   410.0211   407.9482    4
2018.2027   410.7427   408.2635   410.5689   408.0897    4
2018.2877   411.2702   408.1527   411.3652   408.2477    3
2018.3699     0.0000     0.0000   412.1509   408.4016    0
2018.4548   411.2941   408.9470   410.9081   408.5609    1
2018.5370     0.0000     0.0000   407.8465   408.7152    0
2018.6219     0.0000     0.0000   405.0133   408.8746    0
2018.7068     0.0000     0.0000   404.2275   409.0340    0
2018.7890     0.0000     0.0000   405.7503   409.1882    0
2018.8740     0.0000     0.0000   407.9850   409.3476    0
2018.9562     0.0000     0.0000   409.3276   409.5019    0
